95
1002 914907 8
852 514597 2
1396 974496 5
121 132 1
3127 909969 3
1363 123520 8
5303 577653 4
2965 769993 4
2228 961000 6
8764 690922 4
2791 674701 5
2035 587687 6
5759 165757 6
9597 30751 2
9412 458712 2
4945 279540 7
6311 744038 5
10 22322 2
1551 635917 7
8892 186601 5
332 539995 7
258 978067 6
6153 882984 8
3748 207521 4
981 265444 4
121 121 11
7075 952308 3
22322 22322 1
7998 968182 1
7668 468727 8
378 659223 5
2675 641763 3
5630 555906 6
7597 115191 5
7243 39232 6
5272 393026 2
3491 376189 1
2590 45700 5
490 499674 1
2871 611476 1
0 132 1
3976 759716 7
100000 1000000000000000000 3
1712 931656 3
8135 346033 4
9628 221919 9
8483 164651 3
39 1000000 3
2433 588437 7
1209 371972 7
4370 274443 1
886 56750 8
5811 811662 1
5992 237133 9
7800 282033 2
5541 34105 7
7558 716225 8
4766 385349 3
4153 196591 1
1329 665400 3
5649 246089 1
5579 763362 2
1516 476245 5
6673 645665 9
8989 909410 5
1000000000 1000000000000000000 1
7977 626769 9
0 1000000000000000000 1000000000
0 1000000000000000000 1
6574 530230 2
4131 988357 1
3376 156586 6
3725 832955 1
0 100 2
1616 875376 6
646 753992 3
34432 9999920 222
2519 171840 3
2851 217912 4
999 99999 78788
1405 52064 3
2789 205886 5
1813 539974 3
8129 512819 4
9929 160753 4
352 116029 3
121 131 1
21345 4441283 13
2499 989424 7
6916 519450 6
4401 792858 5
8984 321196 7
9523 81976 5
9352 507517 9
9385 146808 1
