100
0 1000000000000000000 1000000000
1363 123520 8
852 514597 2
5811 811662 1
39 1000000 3
3976 759716 7
4153 196591 1
9385 146808 1
258 978067 6
22322 22322 1
5303 577653 4
2519 171840 3
2590 45700 5
8764 690922 4
1033 109791 2
121 132 1
4131 988357 1
1329 665400 3
9286 976503 2
7998 968182 1
7597 115191 5
3825 934105 6
5759 165757 6
886 56750 8
4766 385349 3
1405 52064 3
5992 237133 9
5579 763362 2
1516 476245 5
9412 458712 2
121 121 11
2035 587687 6
10 22322 2
7977 626769 9
1616 875376 6
938 717057 3
2791 674701 5
1551 635917 7
8892 186601 5
8129 512819 4
4401 792858 5
9929 160753 4
9523 81976 5
7668 468727 8
2228 961000 6
0 132 1
1813 539974 3
2851 217912 4
1396 974496 5
3491 376189 1
4945 279540 7
2675 641763 3
999 99999 78788
1002 914907 8
8984 321196 7
6916 519450 6
7558 716225 8
981 265444 4
2871 611476 1
5649 246089 1
8483 164651 3
3376 156586 6
490 499674 1
3459 893118 8
0 1000000000000000000 1
332 539995 7
6673 645665 9
1712 931656 3
4370 274443 1
5272 393026 2
100000 1000000000000000000 3
1209 371972 7
9352 507517 9
1000000000 1000000000000000000 1
2789 205886 5
3748 207521 4
3725 832955 1
7800 282033 2
0 100 2
8135 346033 4
7243 39232 6
2499 989424 7
2433 588437 7
5541 34105 7
34432 9999920 222
378 659223 5
9628 221919 9
646 753992 3
6574 530230 2
8989 909410 5
3127 909969 3
121 131 1
21345 4441283 13
352 116029 3
2965 769993 4
6153 882984 8
7075 952308 3
6311 744038 5
5630 555906 6
9597 30751 2
