100
2 5
1000 95
712 1
254 30
509 10
2 3
728 33
2 50
744 91
387 98
1000 5
924 39
580 93
443 91
500 44
875 93
398 61
2 98
582 60
540 8
801 16
373 46
125 51
270 26
793 69
1000 98
2 97
965 51
755 11
140 74
2 96
915 30
912 68
2 2
642 34
635 54
95 37
950 63
981 68
446 2
906 56
355 11
2 4
289 65
716 10
439 40
103 5
239 20
1000 4
839 51
383 4
497 91
2 99
492 78
959 86
226 22
30 46
958 86
246 78
779 34
1000 97
289 48
744 3
13 37
838 46
397 40
2 36
1000 99
3 10
363 69
143 26
911 80
758 85
555 27
2 95
424 35
120 75
81 39
2 1
786 52
871 75
1000 3
551 71
950 95
978 10
451 5
61 39
177 61
440 28
494 92
1000 1
537 11
808 71
824 54
169 55
918 38
740 92
1000 96
1000 2
885 57
