100
1264969
9999971
592432
6735763
3877633
9682616
4461642
9999995
2896297
5
4461641
140839
6716541
928009
3410821
1
2044523
3702389
3
9999161
1507483
9325574
7
3910981
1862603
11
9
9999998
8460583
9999991
5331653
4170220
3191803
9999163
4
9999999
3132736
2
8237213
86293
9999972
13
9999973
2872729
9516811
8248729
2295773
4461643
6513281
6704676
390548
9987391
4751053
9999997
9999930
7203246
4046177
8
9999162
7762723
10000000
1144
8873129
9971849
5103067
2360890
9999929
8291470
5001361
3855409
8184167
1481717
8763892
6697461
4936439
9010879
3323191
5388168
1281246
7551991
4125389
3929879
6
1403870
3023326
9309119
9999996
4572049
615403
6865010
3949061
9999931
7742461
2610613
2196613
6537523
8697851
12
6463741
10
